length = [0, 0, 0, 0, 0, 0, 0]
offset = [0.34, 0.0, 0.4, 0.0, 0.4, 0.0, 0.126]
angle = [-1.5707963267948966, 1.5707963267948966, -1.5707963267948966, 1.5707963267948966, -1.5707963267948966, 1.5707963267948966, 0.0]
lower = [-2.9671, -2.0944, -2.9671, -2.0944, -2.9671, -2.0944, -3.0543]
upper = [2.9671, 2.0944, 2.9671, 2.0944, 2.9671, 2.0944, 3.0543]